0.0 10.387561 17.558267 19.330544 8.96109 28.789788 26.874964 50.900427 11.312785 5.89625
10.387561 0.0 20.305233 24.120915 13.176571 35.350279 27.862574 56.444247 12.203479 11.005102
17.558267 20.305233 0.0 17.94159 16.932385 40.157842 39.459878 62.46387 14.361582 17.345279
19.330544 24.120915 17.94159 0.0 23.839085 42.807043 35.569798 64.637755 17.071826 22.282908
8.96109 13.176571 16.932385 23.839085 0.0 26.501404 29.805982 49.036852 12.94894 6.36347
28.789788 35.350279 40.157842 42.807043 26.501404 0.0 32.249749 23.603647 35.288888 28.741118
26.874964 27.862574 39.459878 35.569798 29.805982 32.249749 0.0 46.123421 26.24005 29.904652
50.900427 56.444247 62.46387 64.637755 49.036852 23.603647 46.123421 0.0 56.892871 51.25891
11.312785 12.203479 14.361582 17.071826 12.94894 35.288888 26.24005 56.892871 0.0 13.007432
5.89625 11.005102 17.345279 22.282908 6.36347 28.741118 29.904652 51.25891 13.007432 0.0