Method: Minimum

Level 1: Distance Matrix:
0.00 10.39 17.56 19.33 8.96 28.79 26.87 50.90 11.31 5.90
10.39 0.00 20.31 24.12 13.18 35.35 27.86 56.44 12.20 11.01
17.56 20.31 0.00 17.94 16.93 40.16 39.46 62.46 14.36 17.35
19.33 24.12 17.94 0.00 23.84 42.81 35.57 64.64 17.07 22.28
8.96 13.18 16.93 23.84 0.00 26.50 29.81 49.04 12.95 6.36
28.79 35.35 40.16 42.81 26.50 0.00 32.25 23.60 35.29 28.74
26.87 27.86 39.46 35.57 29.81 32.25 0.00 46.12 26.24 29.90
50.90 56.44 62.46 64.64 49.04 23.60 46.12 0.00 56.89 51.26
11.31 12.20 14.36 17.07 12.95 35.29 26.24 56.89 0.00 13.01
5.90 11.01 17.35 22.28 6.36 28.74 29.90 51.26 13.01 0.00

Level 2: Distance Matrix:
0.00 20.31 24.12 13.18 35.35 27.86 56.44 12.20 10.39
20.31 0.00 17.94 16.93 40.16 39.46 62.46 14.36 17.35
24.12 17.94 0.00 23.84 42.81 35.57 64.64 17.07 19.33
13.18 16.93 23.84 0.00 26.50 29.81 49.04 12.95 6.36
35.35 40.16 42.81 26.50 0.00 32.25 23.60 35.29 28.74
27.86 39.46 35.57 29.81 32.25 0.00 46.12 26.24 26.87
56.44 62.46 64.64 49.04 23.60 46.12 0.00 56.89 50.90
12.20 14.36 17.07 12.95 35.29 26.24 56.89 0.00 11.31
10.39 17.35 19.33 6.36 28.74 26.87 50.90 11.31 0.00

Level 3: Distance Matrix:
0.00 20.31 24.12 35.35 27.86 56.44 12.20 10.39
20.31 0.00 17.94 40.16 39.46 62.46 14.36 16.93
24.12 17.94 0.00 42.81 35.57 64.64 17.07 19.33
35.35 40.16 42.81 0.00 32.25 23.60 35.29 26.50
27.86 39.46 35.57 32.25 0.00 46.12 26.24 26.87
56.44 62.46 64.64 23.60 46.12 0.00 56.89 49.04
12.20 14.36 17.07 35.29 26.24 56.89 0.00 11.31
10.39 16.93 19.33 26.50 26.87 49.04 11.31 0.00

Level 4: Distance Matrix:
0.00 17.94 40.16 39.46 62.46 14.36 16.93
17.94 0.00 42.81 35.57 64.64 17.07 19.33
40.16 42.81 0.00 32.25 23.60 35.29 26.50
39.46 35.57 32.25 0.00 46.12 26.24 26.87
62.46 64.64 23.60 46.12 0.00 56.89 49.04
14.36 17.07 35.29 26.24 56.89 0.00 11.31
16.93 19.33 26.50 26.87 49.04 11.31 0.00

Level 5: Distance Matrix:
0.00 17.94 40.16 39.46 62.46 14.36
17.94 0.00 42.81 35.57 64.64 17.07
40.16 42.81 0.00 32.25 23.60 26.50
39.46 35.57 32.25 0.00 46.12 26.24
62.46 64.64 23.60 46.12 0.00 49.04
14.36 17.07 26.50 26.24 49.04 0.00

Level 6: Distance Matrix:
0.00 42.81 35.57 64.64 17.07
42.81 0.00 32.25 23.60 26.50
35.57 32.25 0.00 46.12 26.24
64.64 23.60 46.12 0.00 49.04
17.07 26.50 26.24 49.04 0.00

Level 7: Distance Matrix:
0.00 32.25 23.60 26.50
32.25 0.00 46.12 26.24
23.60 46.12 0.00 49.04
26.50 26.24 49.04 0.00

Level 8: Distance Matrix:
0.00 26.24 32.25
26.24 0.00 26.50
32.25 26.50 0.00

Level 9: Distance Matrix:
0.00 26.50
26.50 0.00

Level 1: Clusters merged: 0 and 9 Chosen value: 5.90
Level 2: Clusters merged: 4 and 10 Chosen value: 6.36
Level 3: Clusters merged: 1 and 11 Chosen value: 10.39
Level 4: Clusters merged: 8 and 12 Chosen value: 11.31
Level 5: Clusters merged: 2 and 13 Chosen value: 14.36
Level 6: Clusters merged: 3 and 14 Chosen value: 17.07
Level 7: Clusters merged: 5 and 7 Chosen value: 23.60
Level 8: Clusters merged: 6 and 15 Chosen value: 26.24
Level 9: Clusters merged: 16 and 17 Chosen value: 26.50

Cophenetic Correlation Coefficient (ccc): 0.8207

Cophenetic Matrix:
0.00 10.39 14.36 17.07 6.36 26.50 26.24 26.50 11.31 5.90
10.39 0.00 14.36 17.07 10.39 26.50 26.24 26.50 11.31 10.39
14.36 14.36 0.00 17.07 14.36 26.50 26.24 26.50 14.36 14.36
17.07 17.07 17.07 0.00 17.07 26.50 26.24 26.50 17.07 17.07
6.36 10.39 14.36 17.07 0.00 26.50 26.24 26.50 11.31 6.36
26.50 26.50 26.50 26.50 26.50 0.00 26.50 23.60 26.50 26.50
26.24 26.24 26.24 26.24 26.24 26.50 0.00 26.50 26.24 26.24
26.50 26.50 26.50 26.50 26.50 23.60 26.50 0.00 26.50 26.50
11.31 11.31 14.36 17.07 11.31 26.50 26.24 26.50 0.00 11.31
5.90 10.39 14.36 17.07 6.36 26.50 26.24 26.50 11.31 0.00

------------------------------------------------------------------------------------------------------------------------
Method: Maximum

Level 1: Distance Matrix:
0.00 10.39 17.56 19.33 8.96 28.79 26.87 50.90 11.31 5.90
10.39 0.00 20.31 24.12 13.18 35.35 27.86 56.44 12.20 11.01
17.56 20.31 0.00 17.94 16.93 40.16 39.46 62.46 14.36 17.35
19.33 24.12 17.94 0.00 23.84 42.81 35.57 64.64 17.07 22.28
8.96 13.18 16.93 23.84 0.00 26.50 29.81 49.04 12.95 6.36
28.79 35.35 40.16 42.81 26.50 0.00 32.25 23.60 35.29 28.74
26.87 27.86 39.46 35.57 29.81 32.25 0.00 46.12 26.24 29.90
50.90 56.44 62.46 64.64 49.04 23.60 46.12 0.00 56.89 51.26
11.31 12.20 14.36 17.07 12.95 35.29 26.24 56.89 0.00 13.01
5.90 11.01 17.35 22.28 6.36 28.74 29.90 51.26 13.01 0.00

Level 2: Distance Matrix:
0.00 20.31 24.12 13.18 35.35 27.86 56.44 12.20 11.01
20.31 0.00 17.94 16.93 40.16 39.46 62.46 14.36 17.56
24.12 17.94 0.00 23.84 42.81 35.57 64.64 17.07 22.28
13.18 16.93 23.84 0.00 26.50 29.81 49.04 12.95 8.96
35.35 40.16 42.81 26.50 0.00 32.25 23.60 35.29 28.79
27.86 39.46 35.57 29.81 32.25 0.00 46.12 26.24 29.90
56.44 62.46 64.64 49.04 23.60 46.12 0.00 56.89 51.26
12.20 14.36 17.07 12.95 35.29 26.24 56.89 0.00 13.01
11.01 17.56 22.28 8.96 28.79 29.90 51.26 13.01 0.00

Level 3: Distance Matrix:
0.00 20.31 24.12 35.35 27.86 56.44 12.20 13.18
20.31 0.00 17.94 40.16 39.46 62.46 14.36 17.56
24.12 17.94 0.00 42.81 35.57 64.64 17.07 23.84
35.35 40.16 42.81 0.00 32.25 23.60 35.29 28.79
27.86 39.46 35.57 32.25 0.00 46.12 26.24 29.90
56.44 62.46 64.64 23.60 46.12 0.00 56.89 51.26
12.20 14.36 17.07 35.29 26.24 56.89 0.00 13.01
13.18 17.56 23.84 28.79 29.90 51.26 13.01 0.00

Level 4: Distance Matrix:
0.00 17.94 40.16 39.46 62.46 17.56 20.31
17.94 0.00 42.81 35.57 64.64 23.84 24.12
40.16 42.81 0.00 32.25 23.60 28.79 35.35
39.46 35.57 32.25 0.00 46.12 29.90 27.86
62.46 64.64 23.60 46.12 0.00 51.26 56.89
17.56 23.84 28.79 29.90 51.26 0.00 13.18
20.31 24.12 35.35 27.86 56.89 13.18 0.00

Level 5: Distance Matrix:
0.00 17.94 40.16 39.46 62.46 20.31
17.94 0.00 42.81 35.57 64.64 24.12
40.16 42.81 0.00 32.25 23.60 35.35
39.46 35.57 32.25 0.00 46.12 29.90
62.46 64.64 23.60 46.12 0.00 56.89
20.31 24.12 35.35 29.90 56.89 0.00

Level 6: Distance Matrix:
0.00 32.25 23.60 35.35 42.81
32.25 0.00 46.12 29.90 39.46
23.60 46.12 0.00 56.89 64.64
35.35 29.90 56.89 0.00 24.12
42.81 39.46 64.64 24.12 0.00

Level 7: Distance Matrix:
0.00 29.90 39.46 46.12
29.90 0.00 24.12 56.89
39.46 24.12 0.00 64.64
46.12 56.89 64.64 0.00

Level 8: Distance Matrix:
0.00 46.12 39.46
46.12 0.00 64.64
39.46 64.64 0.00

Level 9: Distance Matrix:
0.00 64.64
64.64 0.00

Level 1: Clusters merged: 0 and 9 Chosen value: 5.90
Level 2: Clusters merged: 4 and 10 Chosen value: 8.96
Level 3: Clusters merged: 1 and 8 Chosen value: 12.20
Level 4: Clusters merged: 11 and 12 Chosen value: 13.18
Level 5: Clusters merged: 2 and 3 Chosen value: 17.94
Level 6: Clusters merged: 5 and 7 Chosen value: 23.60
Level 7: Clusters merged: 13 and 14 Chosen value: 24.12
Level 8: Clusters merged: 6 and 16 Chosen value: 39.46
Level 9: Clusters merged: 15 and 17 Chosen value: 64.64

Cophenetic Correlation Coefficient (ccc): 0.8705

Cophenetic Matrix:
0.00 13.18 24.12 24.12 8.96 64.64 39.46 64.64 13.18 5.90
13.18 0.00 24.12 24.12 13.18 64.64 39.46 64.64 12.20 13.18
24.12 24.12 0.00 17.94 24.12 64.64 39.46 64.64 24.12 24.12
24.12 24.12 17.94 0.00 24.12 64.64 39.46 64.64 24.12 24.12
8.96 13.18 24.12 24.12 0.00 64.64 39.46 64.64 13.18 8.96
64.64 64.64 64.64 64.64 64.64 0.00 64.64 23.60 64.64 64.64
39.46 39.46 39.46 39.46 39.46 64.64 0.00 64.64 39.46 39.46
64.64 64.64 64.64 64.64 64.64 23.60 64.64 0.00 64.64 64.64
13.18 12.20 24.12 24.12 13.18 64.64 39.46 64.64 0.00 13.18
5.90 13.18 24.12 24.12 8.96 64.64 39.46 64.64 13.18 0.00

------------------------------------------------------------------------------------------------------------------------
Method: Average

Level 1: Distance Matrix:
0.00 10.39 17.56 19.33 8.96 28.79 26.87 50.90 11.31 5.90
10.39 0.00 20.31 24.12 13.18 35.35 27.86 56.44 12.20 11.01
17.56 20.31 0.00 17.94 16.93 40.16 39.46 62.46 14.36 17.35
19.33 24.12 17.94 0.00 23.84 42.81 35.57 64.64 17.07 22.28
8.96 13.18 16.93 23.84 0.00 26.50 29.81 49.04 12.95 6.36
28.79 35.35 40.16 42.81 26.50 0.00 32.25 23.60 35.29 28.74
26.87 27.86 39.46 35.57 29.81 32.25 0.00 46.12 26.24 29.90
50.90 56.44 62.46 64.64 49.04 23.60 46.12 0.00 56.89 51.26
11.31 12.20 14.36 17.07 12.95 35.29 26.24 56.89 0.00 13.01
5.90 11.01 17.35 22.28 6.36 28.74 29.90 51.26 13.01 0.00

Level 2: Distance Matrix:
0.00 20.31 24.12 13.18 35.35 27.86 56.44 12.20 10.70
20.31 0.00 17.94 16.93 40.16 39.46 62.46 14.36 17.45
24.12 17.94 0.00 23.84 42.81 35.57 64.64 17.07 20.81
13.18 16.93 23.84 0.00 26.50 29.81 49.04 12.95 7.66
35.35 40.16 42.81 26.50 0.00 32.25 23.60 35.29 28.77
27.86 39.46 35.57 29.81 32.25 0.00 46.12 26.24 28.39
56.44 62.46 64.64 49.04 23.60 46.12 0.00 56.89 51.08
12.20 14.36 17.07 12.95 35.29 26.24 56.89 0.00 12.16
10.70 17.45 20.81 7.66 28.77 28.39 51.08 12.16 0.00

Level 3: Distance Matrix:
0.00 20.31 24.12 35.35 27.86 56.44 12.20 11.94
20.31 0.00 17.94 40.16 39.46 62.46 14.36 17.19
24.12 17.94 0.00 42.81 35.57 64.64 17.07 22.32
35.35 40.16 42.81 0.00 32.25 23.60 35.29 27.63
27.86 39.46 35.57 32.25 0.00 46.12 26.24 29.10
56.44 62.46 64.64 23.60 46.12 0.00 56.89 50.06
12.20 14.36 17.07 35.29 26.24 56.89 0.00 12.55
11.94 17.19 22.32 27.63 29.10 50.06 12.55 0.00

Level 4: Distance Matrix:
0.00 17.94 40.16 39.46 62.46 14.36 18.75
17.94 0.00 42.81 35.57 64.64 17.07 23.22
40.16 42.81 0.00 32.25 23.60 35.29 31.49
39.46 35.57 32.25 0.00 46.12 26.24 28.48
62.46 64.64 23.60 46.12 0.00 56.89 53.25
14.36 17.07 35.29 26.24 56.89 0.00 12.38
18.75 23.22 31.49 28.48 53.25 12.38 0.00

Level 5: Distance Matrix:
0.00 17.94 40.16 39.46 62.46 16.56
17.94 0.00 42.81 35.57 64.64 20.15
40.16 42.81 0.00 32.25 23.60 33.39
39.46 35.57 32.25 0.00 46.12 27.36
62.46 64.64 23.60 46.12 0.00 55.07
16.56 20.15 33.39 27.36 55.07 0.00

Level 6: Distance Matrix:
0.00 42.81 35.57 64.64 19.04
42.81 0.00 32.25 23.60 36.77
35.57 32.25 0.00 46.12 33.41
64.64 23.60 46.12 0.00 58.77
19.04 36.77 33.41 58.77 0.00

Level 7: Distance Matrix:
0.00 32.25 23.60 39.79
32.25 0.00 46.12 34.49
23.60 46.12 0.00 61.70
39.79 34.49 61.70 0.00

Level 8: Distance Matrix:
0.00 34.49 39.19
34.49 0.00 50.75
39.19 50.75 0.00

Level 9: Distance Matrix:
0.00 44.97
44.97 0.00

Level 1: Clusters merged: 0 and 9 Chosen value: 5.90
Level 2: Clusters merged: 4 and 10 Chosen value: 7.66
Level 3: Clusters merged: 1 and 11 Chosen value: 11.94
Level 4: Clusters merged: 8 and 12 Chosen value: 12.38
Level 5: Clusters merged: 2 and 13 Chosen value: 16.56
Level 6: Clusters merged: 3 and 14 Chosen value: 19.04
Level 7: Clusters merged: 5 and 7 Chosen value: 23.60
Level 8: Clusters merged: 6 and 15 Chosen value: 34.49
Level 9: Clusters merged: 16 and 17 Chosen value: 44.97

Cophenetic Correlation Coefficient (ccc): 0.8714

Cophenetic Matrix:
0.00 11.94 16.56 19.04 7.66 44.97 34.49 44.97 12.38 5.90
11.94 0.00 16.56 19.04 11.94 44.97 34.49 44.97 12.38 11.94
16.56 16.56 0.00 19.04 16.56 44.97 34.49 44.97 16.56 16.56
19.04 19.04 19.04 0.00 19.04 44.97 34.49 44.97 19.04 19.04
7.66 11.94 16.56 19.04 0.00 44.97 34.49 44.97 12.38 7.66
44.97 44.97 44.97 44.97 44.97 0.00 44.97 23.60 44.97 44.97
34.49 34.49 34.49 34.49 34.49 44.97 0.00 44.97 34.49 34.49
44.97 44.97 44.97 44.97 44.97 23.60 44.97 0.00 44.97 44.97
12.38 12.38 16.56 19.04 12.38 44.97 34.49 44.97 0.00 12.38
5.90 11.94 16.56 19.04 7.66 44.97 34.49 44.97 12.38 0.00

------------------------------------------------------------------------------------------------------------------------
The best method is 'Average' with a CCC of 0.8714
